Epoch: 0, Loss: 17.15526971165438, MAP: 0.0
Epoch: 1, Loss: 8.177850890788973, MAP: 0.019091835245490074
